cross([0 0 1], [1 1 1]) % AC
cross([0 1 1], [1 0 1]) % BD

points = [1 0 0; 0 1 0; 0 0 0; 1 1 1]';
%M = [2 0 1; 0 1 0; 0 0 1]; 
%M = [2 0 0; 0 1 1; 0 0 1]; 
M = [2 0 0; 0 1 0; 0 0 1]; 
%M = [2 0 1; 0 1 1; 0 0 1]; 
M * points

points = [0 0 1; 1 1 1; 1 0 1; 0 1 1]';
%M = [1 0 0; 0 1 0; -1 -1 1]; 
%M = [-1 0 0; 0 -1 0; -1 -1 1]; 
%M = [1 0 0; 0 1 0; 1 1 1]; 
M = [-1 0 0; 0 -1 0; 1 1 -1]; 
M * points

points = [1 0 0; 0 1 0; 0 0 1; 1 1 1]';
%M = [1/3 0 1; 0 5/3 -2; 1/3 5/3 1]; 
%M = [2/3 0 1; 0 5/3 2; 1/3 -5/3 1]; 
%M = [-2/3 0 1; 0 5/3 2; 1/3 -5/3 2]; 
M = [-2/3 0 1; 0 5/3 -2; 1/3 -5/3 1]; 
M * points